0 0.8424821 0.753597121875 0.8460620531249999 0.74100719375 0.8424821 0.7194244609375 0.817422434375 0.7140287765625 0.8138424828125 0.7248201437499999 0.8210023859375 0.7553956828125 0.8257756562499999 0.7625899281249999 0.8424821 0.753597121875
0 0.8257756562499999 0.796762590625 0.8293556078125001 0.7643884890625 0.805489259375 0.7625899281249999 0.789976134375 0.7733812953125 0.7852028640625 0.7607913671875 0.7792362765624999 0.7607913671875 0.7828162296875 0.7913669062500001 0.803102625 0.7985611515625 0.8257756562499999 0.796762590625
0 0.8699284015625001 0.6187050359375 0.8568019093749999 0.5647482015625 0.8532219578125 0.5989208640625 0.8532219578125 0.7194244609375 0.8579952265624999 0.7428057546875 0.8639618140625 0.746402878125 0.8699284015625001 0.6187050359375
0 0.884248209375 0.778776978125 0.8639618140625 0.7805755390625 0.8615751796875 0.7895683453125 0.8651551312500001 0.796762590625 0.884248209375 0.7985611515625 0.884248209375 0.778776978125
0 0.8532219578125 0.7841726625 0.83770883125 0.778776978125 0.81980906875 0.7859712234375 0.8162291171874999 0.7931654671875 0.8221957046874999 0.7985611515625 0.854415275 0.796762590625 0.8532219578125 0.7841726625
0 0.9653937953125 0.7014388484375 0.9689737468749999 0.6780575546875001 0.9606205250000001 0.5989208640625 0.9534606203125 0.5971223015625 0.94988066875 0.6061151078125 0.9463007156250001 0.6600719421875 0.958233890625 0.7697841734375 0.9725537 0.75899280625 0.9653937953125 0.7014388484375
0 0.7482100234375 0.6834532375 0.750596659375 0.7230215828125 0.7422434375 0.7374100718750001 0.7482100234375 0.7392086328125 0.7625298328125 0.7643884890625 0.7661097859375 0.7446043171875 0.76372315 0.705035971875 0.7744630078125 0.696043165625 0.7649164671875 0.6852517984375 0.7661097859375 0.654676259375 0.772076371875 0.6528776984375 0.772076371875 0.6402877703125001 0.8019093078124999 0.6474820140624999 0.81980906875 0.6402877703125001 0.8245823390625 0.6636690640625 0.8293556078125001 0.65827338125 0.8365155124999999 0.6636690640625 0.8568019093749999 0.787769784375 0.8603818609375 0.7823741 0.8699284015625001 0.5827338125 0.8639618140625 0.5485611515625 0.8556085921875001 0.5359712234375 0.8508353218750001 0.5143884890625 0.8520286390624999 0.42625899218749996 0.8472553703125 0.42086330937499994 0.8448687343750001 0.3902877703125 0.8496420046875001 0.3723021578125 0.8484486875 0.350719425 0.8365155124999999 0.31654676249999997 0.8389021484375 0.29316546718750003 0.8448687343750001 0.2859712234375 0.8329355609375 0.2643884890625 0.8257756562499999 0.23561151093750002 0.8293556078125001 0.2230215828125 0.8114558468749999 0.2068345328125 0.8090692125000001 0.2158273375 0.7816229109374999 0.2158273375 0.7792362765624999 0.196043165625 0.772076371875 0.203237409375 0.755369928125 0.149280575 0.7434367546875 0.1438848921875 0.71957040625 0.2194244609375 0.6921241046875 0.34352517968749996 0.6813842484375 0.3651079140625 0.6754176609375 0.4226618703125 0.6813842484375 0.6474820140624999 0.693317421875 0.654676259375 0.70167064375 0.645683453125 0.7482100234375 0.6834532375
0 0.42124105 0.5845323734375001 0.4307875890625 0.5791366906250001 0.44272076406250005 0.5881294968749999 0.4510739859375 0.57553956875 0.4558472546875 0.553956834375 0.452267303125 0.521582734375 0.46300715937500003 0.5071942453125 0.46420047656249996 0.478417265625 0.45823389062500003 0.4676259 0.4546539375 0.43165467656249995 0.46300715937500003 0.3974820140625 0.4618138421875 0.3561151078125 0.4510739859375 0.3489208640625 0.4391408109375 0.3237410078125 0.429594271875 0.3237410078125 0.418854415625 0.31294964062499997 0.4116945109375 0.3219424453125 0.4164677796875 0.3399280578125 0.40095465468749997 0.370503596875 0.40453460625000004 0.5053956828125 0.39856801875 0.546762590625 0.39976133593749996 0.5773381296875 0.42124105 0.5845323734375001
1 0.558472553125 0.8345323734375001 0.5393794749999999 0.8327338125000001 0.5322195703125 0.8435251796875001 0.5322195703125 0.8687050359375 0.5525059671875 0.870503596875 0.5632458234375 0.8597122296874999 0.558472553125 0.8345323734375001
1 0.49880668281249996 0.8327338125000001 0.502386634375 0.8615107906249999 0.514319809375 0.8687050359375 0.5131264921875001 0.8345323734375001 0.49880668281249996 0.8327338125000001
1 0.5668257750000001 0.8525179859375 0.5668257750000001 0.8615107906249999 0.57875895 0.8669064750000001 0.5799522671874999 0.8597122296874999 0.5668257750000001 0.8525179859375
1 0.653937946875 0.85791366875 0.6217183765625001 0.8327338125000001 0.5906921234375 0.8435251796875001 0.5835322203125 0.854316546875 0.5894988062500001 0.870503596875 0.6503579953124999 0.8669064750000001 0.653937946875 0.85791366875
1 0.2959427203125 0.47122302187500004 0.29832935625 0.4856115109375 0.28997613437499997 0.5017985609375 0.3210023859375 0.5647482015625 0.33770883125 0.5665467625 0.344868734375 0.50899280625 0.3436754171875 0.48021582656249995 0.3484486875 0.46582733750000005 0.3472553703125 0.3597122296875 0.356801909375 0.3345323734375 0.3484486875 0.31294964062499997 0.350835321875 0.2859712234375 0.35560859218749996 0.2823741 0.3472553703125 0.2679856109375 0.3496420046875 0.246402878125 0.3412887828125 0.088129496875 0.31980906875000004 0.07553956875 0.3138424828125 0.0827338125 0.29832935625 0.196043165625 0.29116945156249996 0.2158273375 0.29355608593750004 0.25899280625 0.272076371875 0.4388489203125 0.2792362765625 0.455035971875 0.2959427203125 0.47122302187500004
1 0.715990453125 0.2230215828125 0.71957040625 0.17985611562499998 0.7291169453124999 0.1690647484375 0.7315035796875 0.154676259375 0.71957040625 0.15287769843750001 0.71957040625 0.1600719421875 0.696897375 0.19064748125 0.6957040578125 0.2158273375 0.7040572796875 0.23381295 0.7088305484374999 0.23381295 0.715990453125 0.2230215828125
1 0.3603818609375 0.2194244609375 0.3639618140625 0.2320143890625 0.3603818609375 0.27517985624999997 0.367541765625 0.4226618703125 0.36634844843750003 0.537769784375 0.37708830625 0.57553956875 0.3890214796875 0.5719424453124999 0.390214796875 0.5611510796875 0.4033412890625 0.544964028125 0.406921240625 0.5233812953125 0.4307875890625 0.5323741 0.4510739859375 0.50899280625 0.452267303125 0.46942446093749995 0.4474940328125 0.437050359375 0.45823389062500003 0.4100719421875 0.45823389062500003 0.3848920859375 0.46300715937500003 0.37589928125 0.45823389062500003 0.3723021578125 0.4618138421875 0.3597122296875 0.45346062031249995 0.35431654687499997 0.4474940328125 0.338129496875 0.4510739859375 0.329136690625 0.4451073984375 0.320143884375 0.44630071562499996 0.3021582734375 0.41288782812499997 0.26258992812500004 0.4033412890625 0.21402877656250002 0.40453460625000004 0.196043165625 0.3890214796875 0.196043165625 0.3890214796875 0.212230215625 0.37708830625 0.21043165468749997 0.37112171875 0.2194244609375 0.3603818609375 0.2194244609375